Rho
tensor([[     1.553387158895520,     -0.000000000000000,      0.470963552248064,      0.000000000000000,      0.171753805656468,      0.171753805656468],
        [    -0.000000000000000,      0.821202806185440,      0.000000000000000,      0.000000000000000,      0.496446721756804,     -0.496446721756804],
        [     0.470963552248064,      0.000000000000000,      1.608930766659044,      0.000000000000000,     -0.318467061650428,     -0.318467061650428],
        [     0.000000000000000,      0.000000000000000,      0.000000000000000,      2.000000000000000,      0.000000000000000,     -0.000000000000000],
        [     0.171753805656468,      0.496446721756804,     -0.318467061650428,      0.000000000000000,      0.412757499200270,     -0.187482406671223],
        [     0.171753805656468,     -0.496446721756804,     -0.318467061650428,     -0.000000000000000,     -0.187482406671223,      0.412757499200270]], grad_fn=<MmBackward0>)



DOverlap
tensor([[[[ 0.000000000000000,  0.000000000000000,  0.000000000000000,  0.000000000000000,  0.000000000000000,  0.000000000000000],
          [ 0.000000000000000,  0.000000000000000,  0.000000000000000,  0.000000000000000,  0.000000000000000,  0.000000000000000],
          [ 0.000000000000000,  0.000000000000000,  0.000000000000000,  0.000000000000000,  0.000000000000000,  0.000000000000000],
          [ 0.000000000000000,  0.000000000000000,  0.000000000000000,  0.000000000000000, -0.225524652907025, -0.225524652907025],
          [ 0.000000000000000,  0.000000000000000,  0.000000000000000, -0.225524652907025,  0.000000000000000,  0.000000000000000],
          [ 0.000000000000000,  0.000000000000000,  0.000000000000000, -0.225524652907025,  0.000000000000000,  0.000000000000000]],

         [[ 0.000000000000000,  0.000000000000000,  0.000000000000000,  0.000000000000000,  0.307944409444483, -0.307944409444483],
          [ 0.000000000000000,  0.000000000000000,  0.000000000000000,  0.000000000000000,  0.068045743650824,  0.068045743650824],
          [ 0.000000000000000,  0.000000000000000,  0.000000000000000,  0.000000000000000, -0.183481497856297,  0.183481497856297],
          [ 0.000000000000000,  0.000000000000000,  0.000000000000000,  0.000000000000000,  0.000000000000000,  0.000000000000000],
          [ 0.307944409444483,  0.068045743650824, -0.183481497856297,  0.000000000000000,  0.000000000000000,  0.000000000000000],
          [-0.307944409444483,  0.068045743650824,  0.183481497856297,  0.000000000000000,  0.000000000000000,  0.000000000000000]],

         [[ 0.000000000000000,  0.000000000000000,  0.000000000000000,  0.000000000000000, -0.192465255816066, -0.192465255816066],
          [ 0.000000000000000,  0.000000000000000,  0.000000000000000,  0.000000000000000, -0.183481497856297,  0.183481497856297],
          [ 0.000000000000000,  0.000000000000000,  0.000000000000000,  0.000000000000000, -0.110848716747269, -0.110848716747269],
          [ 0.000000000000000,  0.000000000000000,  0.000000000000000,  0.000000000000000,  0.000000000000000,  0.000000000000000],
          [-0.192465255816066, -0.183481497856297, -0.110848716747269,  0.000000000000000,  0.000000000000000,  0.000000000000000],
          [-0.192465255816066,  0.183481497856297, -0.110848716747269,  0.000000000000000,  0.000000000000000,  0.000000000000000]]],


        [[[ 0.000000000000000,  0.000000000000000,  0.000000000000000,  0.000000000000000,  0.000000000000000,  0.000000000000000],
          [ 0.000000000000000,  0.000000000000000,  0.000000000000000,  0.000000000000000,  0.000000000000000,  0.000000000000000],
          [ 0.000000000000000,  0.000000000000000,  0.000000000000000,  0.000000000000000,  0.000000000000000,  0.000000000000000],
          [ 0.000000000000000,  0.000000000000000,  0.000000000000000,  0.000000000000000,  0.225524652907025,  0.000000000000000],
          [ 0.000000000000000,  0.000000000000000,  0.000000000000000,  0.225524652907025,  0.000000000000000,  0.000000000000000],
          [ 0.000000000000000,  0.000000000000000,  0.000000000000000,  0.000000000000000,  0.000000000000000,  0.000000000000000]],

         [[ 0.000000000000000,  0.000000000000000,  0.000000000000000,  0.000000000000000, -0.307944409444483,  0.000000000000000],
          [ 0.000000000000000,  0.000000000000000,  0.000000000000000,  0.000000000000000, -0.068045743650824,  0.000000000000000],
          [ 0.000000000000000,  0.000000000000000,  0.000000000000000,  0.000000000000000,  0.183481497856297,  0.000000000000000],
          [ 0.000000000000000,  0.000000000000000,  0.000000000000000,  0.000000000000000,  0.000000000000000,  0.000000000000000],
          [-0.307944409444483, -0.068045743650824,  0.183481497856297,  0.000000000000000,  0.000000000000000, -0.174595197799388],
          [ 0.000000000000000,  0.000000000000000,  0.000000000000000,  0.000000000000000, -0.174595197799388,  0.000000000000000]],

         [[ 0.000000000000000,  0.000000000000000,  0.000000000000000,  0.000000000000000,  0.192465255816066,  0.000000000000000],
          [ 0.000000000000000,  0.000000000000000,  0.000000000000000,  0.000000000000000,  0.183481497856297,  0.000000000000000],
          [ 0.000000000000000,  0.000000000000000,  0.000000000000000,  0.000000000000000,  0.110848716747269,  0.000000000000000],
          [ 0.000000000000000,  0.000000000000000,  0.000000000000000,  0.000000000000000,  0.000000000000000,  0.000000000000000],
          [ 0.192465255816066,  0.183481497856297,  0.110848716747269,  0.000000000000000,  0.000000000000000,  0.000000000000000],
          [ 0.000000000000000,  0.000000000000000,  0.000000000000000,  0.000000000000000,  0.000000000000000,  0.000000000000000]]],


        [[[ 0.000000000000000,  0.000000000000000,  0.000000000000000,  0.000000000000000,  0.000000000000000,  0.000000000000000],
          [ 0.000000000000000,  0.000000000000000,  0.000000000000000,  0.000000000000000,  0.000000000000000,  0.000000000000000],
          [ 0.000000000000000,  0.000000000000000,  0.000000000000000,  0.000000000000000,  0.000000000000000,  0.000000000000000],
          [ 0.000000000000000,  0.000000000000000,  0.000000000000000,  0.000000000000000,  0.000000000000000,  0.225524652907025],
          [ 0.000000000000000,  0.000000000000000,  0.000000000000000,  0.000000000000000,  0.000000000000000,  0.000000000000000],
          [ 0.000000000000000,  0.000000000000000,  0.000000000000000,  0.225524652907025,  0.000000000000000,  0.000000000000000]],

         [[ 0.000000000000000,  0.000000000000000,  0.000000000000000,  0.000000000000000,  0.000000000000000,  0.307944409444483],
          [ 0.000000000000000,  0.000000000000000,  0.000000000000000,  0.000000000000000,  0.000000000000000, -0.068045743650824],
          [ 0.000000000000000,  0.000000000000000,  0.000000000000000,  0.000000000000000,  0.000000000000000, -0.183481497856297],
          [ 0.000000000000000,  0.000000000000000,  0.000000000000000,  0.000000000000000,  0.000000000000000,  0.000000000000000],
          [ 0.000000000000000,  0.000000000000000,  0.000000000000000,  0.000000000000000,  0.000000000000000,  0.174595197799388],
          [ 0.307944409444483, -0.068045743650824, -0.183481497856297,  0.000000000000000,  0.174595197799388,  0.000000000000000]],

         [[ 0.000000000000000,  0.000000000000000,  0.000000000000000,  0.000000000000000,  0.000000000000000,  0.192465255816066],
          [ 0.000000000000000,  0.000000000000000,  0.000000000000000,  0.000000000000000,  0.000000000000000, -0.183481497856297],
          [ 0.000000000000000,  0.000000000000000,  0.000000000000000,  0.000000000000000,  0.000000000000000,  0.110848716747269],
          [ 0.000000000000000,  0.000000000000000,  0.000000000000000,  0.000000000000000,  0.000000000000000,  0.000000000000000],
          [ 0.000000000000000,  0.000000000000000,  0.000000000000000,  0.000000000000000,  0.000000000000000,  0.000000000000000],
          [ 0.192465255816066, -0.183481497856297,  0.110848716747269,  0.000000000000000,  0.000000000000000,  0.000000000000000]]]])
