-------------------------
autograd
Values from SCC cycle

q_in tensor([5.999999999999999, 1.000000000000000, 1.000000000000000])
core_hamiltonian tensor([[-0.878832584077500,  0.000000000000000,  0.000000000000000,  0.000000000000000, -0.521823668650510, -0.521823668650510],
        [ 0.000000000000000, -0.332131773529400,  0.000000000000000,  0.000000000000000, -0.300109606072966,  0.300109606072966],
        [ 0.000000000000000,  0.000000000000000, -0.332131773529400,  0.000000000000000,  0.187568503795603,  0.187568503795603],
        [ 0.000000000000000,  0.000000000000000,  0.000000000000000, -0.332131773529400,  0.000000000000000,  0.000000000000000],
        [-0.521823668650510, -0.300109606072966,  0.187568503795603,  0.000000000000000, -0.238600544048200, -0.099647452215670],
        [-0.521823668650510,  0.300109606072966,  0.187568503795603,  0.000000000000000, -0.099647452215670, -0.238600544048200]], grad_fn=<IndexPutBackward0>)
overlap tensor([[ 1.000000000000000,  0.000000000000000,  0.000000000000000,  0.000000000000000,  0.442488678677807,  0.442488678677807],
        [ 0.000000000000000,  1.000000000000000,  0.000000000000000,  0.000000000000000,  0.340943838131014, -0.340943838131014],
        [ 0.000000000000000,  0.000000000000000,  1.000000000000000,  0.000000000000000, -0.213089898831884, -0.213089898831884],
        [ 0.000000000000000,  0.000000000000000,  0.000000000000000,  1.000000000000000,  0.000000000000000,  0.000000000000000],
        [ 0.442488678677807,  0.340943838131014, -0.213089898831884,  0.000000000000000,  1.000000000000000,  0.164075254022370],
        [ 0.442488678677807, -0.340943838131014, -0.213089898831884,  0.000000000000000,  0.164075254022370,  1.000000000000000]], grad_fn=<IndexPutBackward0>)
q_zero_res tensor([5.999999999999999, 1.000000000000000, 1.000000000000000])
gamma tensor([[0.495404170221900, 0.375434274999402, 0.375434274999402],
        [0.375434274999402, 0.419617426124700, 0.283520366296857],
        [0.375434274999402, 0.283520366296857, 0.419617426124700]], grad_fn=<SqueezeBackward0>)
orbs_per_res tensor([4, 1, 1])
_solver_settings {}
orbs <tbmalt.structures.orbitalinfo.OrbitalInfo object at 0x7f7ff4369880>
hamiltonian tensor([[-0.878832584077500,  0.000000000000000,  0.000000000000000,  0.000000000000000, -0.521823668650510, -0.521823668650510],
        [ 0.000000000000000, -0.332131773529400,  0.000000000000000,  0.000000000000000, -0.300109606072966,  0.300109606072966],
        [ 0.000000000000000,  0.000000000000000, -0.332131773529400,  0.000000000000000,  0.187568503795603,  0.187568503795603],
        [ 0.000000000000000,  0.000000000000000,  0.000000000000000, -0.332131773529400,  0.000000000000000,  0.000000000000000],
        [-0.521823668650510, -0.300109606072966,  0.187568503795603,  0.000000000000000, -0.238600544048200, -0.099647452215670],
        [-0.521823668650510,  0.300109606072966,  0.187568503795603,  0.000000000000000, -0.099647452215670, -0.238600544048200]])
occupancy tensor([2., 2., 2., 2., 0., 0.])
Values from SCC cycle

q_in tensor([6.007586714950230, 0.996206642524884, 0.996206642524884])
core_hamiltonian tensor([[-0.878832584077500,  0.000000000000000,  0.000000000000000,  0.000000000000000, -0.521823668650510, -0.521823668650510],
        [ 0.000000000000000, -0.332131773529400,  0.000000000000000,  0.000000000000000, -0.300109606072966,  0.300109606072966],
        [ 0.000000000000000,  0.000000000000000, -0.332131773529400,  0.000000000000000,  0.187568503795603,  0.187568503795603],
        [ 0.000000000000000,  0.000000000000000,  0.000000000000000, -0.332131773529400,  0.000000000000000,  0.000000000000000],
        [-0.521823668650510, -0.300109606072966,  0.187568503795603,  0.000000000000000, -0.238600544048200, -0.099647452215670],
        [-0.521823668650510,  0.300109606072966,  0.187568503795603,  0.000000000000000, -0.099647452215670, -0.238600544048200]], grad_fn=<IndexPutBackward0>)
overlap tensor([[ 1.000000000000000,  0.000000000000000,  0.000000000000000,  0.000000000000000,  0.442488678677807,  0.442488678677807],
        [ 0.000000000000000,  1.000000000000000,  0.000000000000000,  0.000000000000000,  0.340943838131014, -0.340943838131014],
        [ 0.000000000000000,  0.000000000000000,  1.000000000000000,  0.000000000000000, -0.213089898831884, -0.213089898831884],
        [ 0.000000000000000,  0.000000000000000,  0.000000000000000,  1.000000000000000,  0.000000000000000,  0.000000000000000],
        [ 0.442488678677807,  0.340943838131014, -0.213089898831884,  0.000000000000000,  1.000000000000000,  0.164075254022370],
        [ 0.442488678677807, -0.340943838131014, -0.213089898831884,  0.000000000000000,  0.164075254022370,  1.000000000000000]], grad_fn=<IndexPutBackward0>)
q_zero_res tensor([5.999999999999999, 1.000000000000000, 1.000000000000000])
gamma tensor([[0.495404170221900, 0.375434274999402, 0.375434274999402],
        [0.375434274999402, 0.419617426124700, 0.283520366296857],
        [0.375434274999402, 0.283520366296857, 0.419617426124700]], grad_fn=<SqueezeBackward0>)
orbs_per_res tensor([4, 1, 1])
_solver_settings {}
orbs <tbmalt.structures.orbitalinfo.OrbitalInfo object at 0x7f7ff4369880>
hamiltonian tensor([[-0.877922406679838,  0.000000000000000,  0.000000000000000,  0.000000000000000, -0.521582238591888, -0.521582238591888],
        [ 0.000000000000000, -0.331221596131738,  0.000000000000000,  0.000000000000000, -0.299923580769284,  0.299923580769284],
        [ 0.000000000000000,  0.000000000000000, -0.331221596131738,  0.000000000000000,  0.187452237980802,  0.187452237980802],
        [ 0.000000000000000,  0.000000000000000,  0.000000000000000, -0.331221596131738,  0.000000000000000,  0.000000000000000],
        [-0.521582238591888, -0.299923580769284,  0.187452237980802,  0.000000000000000, -0.238419484222151, -0.099617744778717],
        [-0.521582238591888,  0.299923580769284,  0.187452237980802,  0.000000000000000, -0.099617744778717, -0.238419484222151]])
occupancy tensor([2., 2., 2., 2., 0., 0.])
Values from SCC cycle

q_in tensor([6.612768267455861, 0.693615866272080, 0.693615866272079])
core_hamiltonian tensor([[-0.878832584077500,  0.000000000000000,  0.000000000000000,  0.000000000000000, -0.521823668650510, -0.521823668650510],
        [ 0.000000000000000, -0.332131773529400,  0.000000000000000,  0.000000000000000, -0.300109606072966,  0.300109606072966],
        [ 0.000000000000000,  0.000000000000000, -0.332131773529400,  0.000000000000000,  0.187568503795603,  0.187568503795603],
        [ 0.000000000000000,  0.000000000000000,  0.000000000000000, -0.332131773529400,  0.000000000000000,  0.000000000000000],
        [-0.521823668650510, -0.300109606072966,  0.187568503795603,  0.000000000000000, -0.238600544048200, -0.099647452215670],
        [-0.521823668650510,  0.300109606072966,  0.187568503795603,  0.000000000000000, -0.099647452215670, -0.238600544048200]], grad_fn=<IndexPutBackward0>)
overlap tensor([[ 1.000000000000000,  0.000000000000000,  0.000000000000000,  0.000000000000000,  0.442488678677807,  0.442488678677807],
        [ 0.000000000000000,  1.000000000000000,  0.000000000000000,  0.000000000000000,  0.340943838131014, -0.340943838131014],
        [ 0.000000000000000,  0.000000000000000,  1.000000000000000,  0.000000000000000, -0.213089898831884, -0.213089898831884],
        [ 0.000000000000000,  0.000000000000000,  0.000000000000000,  1.000000000000000,  0.000000000000000,  0.000000000000000],
        [ 0.442488678677807,  0.340943838131014, -0.213089898831884,  0.000000000000000,  1.000000000000000,  0.164075254022370],
        [ 0.442488678677807, -0.340943838131014, -0.213089898831884,  0.000000000000000,  0.164075254022370,  1.000000000000000]], grad_fn=<IndexPutBackward0>)
q_zero_res tensor([5.999999999999999, 1.000000000000000, 1.000000000000000])
gamma tensor([[0.495404170221900, 0.375434274999402, 0.375434274999402],
        [0.375434274999402, 0.419617426124700, 0.283520366296857],
        [0.375434274999402, 0.283520366296857, 0.419617426124700]], grad_fn=<SqueezeBackward0>)
orbs_per_res tensor([4, 1, 1])
_solver_settings {}
orbs <tbmalt.structures.orbitalinfo.OrbitalInfo object at 0x7f7ff4369880>
hamiltonian tensor([[-0.805318839235141,  0.000000000000000,  0.000000000000000,  0.000000000000000, -0.502323703289477, -0.502323703289477],
        [ 0.000000000000000, -0.258618028687041,  0.000000000000000,  0.000000000000000, -0.285084604634559,  0.285084604634559],
        [ 0.000000000000000,  0.000000000000000, -0.258618028687041,  0.000000000000000,  0.178177877896600,  0.178177877896600],
        [ 0.000000000000000,  0.000000000000000,  0.000000000000000, -0.258618028687041,  0.000000000000000,  0.000000000000000],
        [-0.502323703289477, -0.285084604634559,  0.178177877896600,  0.000000000000000, -0.223976597235710, -0.097248024427601],
        [-0.502323703289477,  0.285084604634559,  0.178177877896600,  0.000000000000000, -0.097248024427601, -0.223976597235710]])
occupancy tensor([2., 2., 2., 2., 0., 0.])
Values from SCC cycle

q_in tensor([6.609750015865666, 0.695124992067177, 0.695124992067176])
core_hamiltonian tensor([[-0.878832584077500,  0.000000000000000,  0.000000000000000,  0.000000000000000, -0.521823668650510, -0.521823668650510],
        [ 0.000000000000000, -0.332131773529400,  0.000000000000000,  0.000000000000000, -0.300109606072966,  0.300109606072966],
        [ 0.000000000000000,  0.000000000000000, -0.332131773529400,  0.000000000000000,  0.187568503795603,  0.187568503795603],
        [ 0.000000000000000,  0.000000000000000,  0.000000000000000, -0.332131773529400,  0.000000000000000,  0.000000000000000],
        [-0.521823668650510, -0.300109606072966,  0.187568503795603,  0.000000000000000, -0.238600544048200, -0.099647452215670],
        [-0.521823668650510,  0.300109606072966,  0.187568503795603,  0.000000000000000, -0.099647452215670, -0.238600544048200]], grad_fn=<IndexPutBackward0>)
overlap tensor([[ 1.000000000000000,  0.000000000000000,  0.000000000000000,  0.000000000000000,  0.442488678677807,  0.442488678677807],
        [ 0.000000000000000,  1.000000000000000,  0.000000000000000,  0.000000000000000,  0.340943838131014, -0.340943838131014],
        [ 0.000000000000000,  0.000000000000000,  1.000000000000000,  0.000000000000000, -0.213089898831884, -0.213089898831884],
        [ 0.000000000000000,  0.000000000000000,  0.000000000000000,  1.000000000000000,  0.000000000000000,  0.000000000000000],
        [ 0.442488678677807,  0.340943838131014, -0.213089898831884,  0.000000000000000,  1.000000000000000,  0.164075254022370],
        [ 0.442488678677807, -0.340943838131014, -0.213089898831884,  0.000000000000000,  0.164075254022370,  1.000000000000000]], grad_fn=<IndexPutBackward0>)
q_zero_res tensor([5.999999999999999, 1.000000000000000, 1.000000000000000])
gamma tensor([[0.495404170221900, 0.375434274999402, 0.375434274999402],
        [0.375434274999402, 0.419617426124700, 0.283520366296857],
        [0.375434274999402, 0.283520366296857, 0.419617426124700]], grad_fn=<SqueezeBackward0>)
orbs_per_res tensor([4, 1, 1])
_solver_settings {}
orbs <tbmalt.structures.orbitalinfo.OrbitalInfo object at 0x7f7ff4369880>
hamiltonian tensor([[-0.805680938562172,  0.000000000000000,  0.000000000000000,  0.000000000000000, -0.502419752325606, -0.502419752325606],
        [ 0.000000000000000, -0.258980128014072,  0.000000000000000,  0.000000000000000, -0.285158611786843,  0.285158611786843],
        [ 0.000000000000000,  0.000000000000000, -0.258980128014072,  0.000000000000000,  0.178224132366777,  0.178224132366777],
        [ 0.000000000000000,  0.000000000000000,  0.000000000000000, -0.258980128014072,  0.000000000000000,  0.000000000000000],
        [-0.502419752325606, -0.285158611786843,  0.178224132366777,  0.000000000000000, -0.224048628953189, -0.097259843049944],
        [-0.502419752325606,  0.285158611786843,  0.178224132366777,  0.000000000000000, -0.097259843049944, -0.224048628953190]])
occupancy tensor([2., 2., 2., 2., 0., 0.])
Values from SCC cycle

q_in tensor([6.609764134015266, 0.695117932992377, 0.695117932992376])
core_hamiltonian tensor([[-0.878832584077500,  0.000000000000000,  0.000000000000000,  0.000000000000000, -0.521823668650510, -0.521823668650510],
        [ 0.000000000000000, -0.332131773529400,  0.000000000000000,  0.000000000000000, -0.300109606072966,  0.300109606072966],
        [ 0.000000000000000,  0.000000000000000, -0.332131773529400,  0.000000000000000,  0.187568503795603,  0.187568503795603],
        [ 0.000000000000000,  0.000000000000000,  0.000000000000000, -0.332131773529400,  0.000000000000000,  0.000000000000000],
        [-0.521823668650510, -0.300109606072966,  0.187568503795603,  0.000000000000000, -0.238600544048200, -0.099647452215670],
        [-0.521823668650510,  0.300109606072966,  0.187568503795603,  0.000000000000000, -0.099647452215670, -0.238600544048200]], grad_fn=<IndexPutBackward0>)
overlap tensor([[ 1.000000000000000,  0.000000000000000,  0.000000000000000,  0.000000000000000,  0.442488678677807,  0.442488678677807],
        [ 0.000000000000000,  1.000000000000000,  0.000000000000000,  0.000000000000000,  0.340943838131014, -0.340943838131014],
        [ 0.000000000000000,  0.000000000000000,  1.000000000000000,  0.000000000000000, -0.213089898831884, -0.213089898831884],
        [ 0.000000000000000,  0.000000000000000,  0.000000000000000,  1.000000000000000,  0.000000000000000,  0.000000000000000],
        [ 0.442488678677807,  0.340943838131014, -0.213089898831884,  0.000000000000000,  1.000000000000000,  0.164075254022370],
        [ 0.442488678677807, -0.340943838131014, -0.213089898831884,  0.000000000000000,  0.164075254022370,  1.000000000000000]], grad_fn=<IndexPutBackward0>)
q_zero_res tensor([5.999999999999999, 1.000000000000000, 1.000000000000000])
gamma tensor([[0.495404170221900, 0.375434274999402, 0.375434274999402],
        [0.375434274999402, 0.419617426124700, 0.283520366296857],
        [0.375434274999402, 0.283520366296857, 0.419617426124700]], grad_fn=<SqueezeBackward0>)
orbs_per_res tensor([4, 1, 1])
_solver_settings {}
orbs <tbmalt.structures.orbitalinfo.OrbitalInfo object at 0x7f7ff4369880>
hamiltonian tensor([[-0.805679244809244,  0.000000000000000,  0.000000000000000,  0.000000000000000, -0.502419303047400, -0.502419303047400],
        [ 0.000000000000000, -0.258978434261144,  0.000000000000000,  0.000000000000000, -0.285158265611577,  0.285158265611577],
        [ 0.000000000000000,  0.000000000000000, -0.258978434261144,  0.000000000000000,  0.178223916007236,  0.178223916007236],
        [ 0.000000000000000,  0.000000000000000,  0.000000000000000, -0.258978434261144,  0.000000000000000,  0.000000000000000],
        [-0.502419303047400, -0.285158265611577,  0.178223916007236,  0.000000000000000, -0.224048292018202, -0.097259787767250],
        [-0.502419303047400,  0.285158265611577,  0.178223916007236,  0.000000000000000, -0.097259787767250, -0.224048292018202]])
occupancy tensor([2., 2., 2., 2., 0., 0.])
Z_2
tensor([6.609764090040819, 0.695117954979599, 0.695117954979598])
Values from SCC cycle

q_in tensor([6.609764090040819, 0.695117954979599, 0.695117954979598], requires_grad=True)
core_hamiltonian tensor([[-0.878832584077500,  0.000000000000000,  0.000000000000000,  0.000000000000000, -0.521823668650510, -0.521823668650510],
        [ 0.000000000000000, -0.332131773529400,  0.000000000000000,  0.000000000000000, -0.300109606072966,  0.300109606072966],
        [ 0.000000000000000,  0.000000000000000, -0.332131773529400,  0.000000000000000,  0.187568503795603,  0.187568503795603],
        [ 0.000000000000000,  0.000000000000000,  0.000000000000000, -0.332131773529400,  0.000000000000000,  0.000000000000000],
        [-0.521823668650510, -0.300109606072966,  0.187568503795603,  0.000000000000000, -0.238600544048200, -0.099647452215670],
        [-0.521823668650510,  0.300109606072966,  0.187568503795603,  0.000000000000000, -0.099647452215670, -0.238600544048200]], grad_fn=<IndexPutBackward0>)
overlap tensor([[ 1.000000000000000,  0.000000000000000,  0.000000000000000,  0.000000000000000,  0.442488678677807,  0.442488678677807],
        [ 0.000000000000000,  1.000000000000000,  0.000000000000000,  0.000000000000000,  0.340943838131014, -0.340943838131014],
        [ 0.000000000000000,  0.000000000000000,  1.000000000000000,  0.000000000000000, -0.213089898831884, -0.213089898831884],
        [ 0.000000000000000,  0.000000000000000,  0.000000000000000,  1.000000000000000,  0.000000000000000,  0.000000000000000],
        [ 0.442488678677807,  0.340943838131014, -0.213089898831884,  0.000000000000000,  1.000000000000000,  0.164075254022370],
        [ 0.442488678677807, -0.340943838131014, -0.213089898831884,  0.000000000000000,  0.164075254022370,  1.000000000000000]], grad_fn=<IndexPutBackward0>)
q_zero_res tensor([5.999999999999999, 1.000000000000000, 1.000000000000000])
gamma tensor([[0.495404170221900, 0.375434274999402, 0.375434274999402],
        [0.375434274999402, 0.419617426124700, 0.283520366296857],
        [0.375434274999402, 0.283520366296857, 0.419617426124700]], grad_fn=<SqueezeBackward0>)
orbs_per_res tensor([4, 1, 1])
_solver_settings {}
orbs <tbmalt.structures.orbitalinfo.OrbitalInfo object at 0x7f7ff4369880>
hamiltonian tensor([[-0.805679250084854,  0.000000000000000,  0.000000000000000,  0.000000000000000, -0.502419304446787, -0.502419304446787],
        [ 0.000000000000000, -0.258978439536754,  0.000000000000000,  0.000000000000000, -0.285158266689825,  0.285158266689825],
        [ 0.000000000000000,  0.000000000000000, -0.258978439536754,  0.000000000000000,  0.178223916681141,  0.178223916681141],
        [ 0.000000000000000,  0.000000000000000,  0.000000000000000, -0.258978439536754,  0.000000000000000,  0.000000000000000],
        [-0.502419304446787, -0.285158266689825,  0.178223916681141,  0.000000000000000, -0.224048293067669, -0.097259787939442],
        [-0.502419304446787,  0.285158266689825,  0.178223916681141,  0.000000000000000, -0.097259787939442, -0.224048293067669]], grad_fn=<AddBackward0>)
occupancy tensor([2., 2., 2., 2., 0., 0.])
Final detached
tensor([6.609764090169040, 0.695117954915481, 0.695117954915481], grad_fn=<ScatterAddBackward0>)
Implicit contribution
tensor([    -0.000000000000000,      0.000000000000000,     -0.000000000000000])
Energy: tensor([-3.596711368624104], grad_fn=<AddBackward0>)
Energy not imp: tensor([-3.596711368624104], grad_fn=<AddBackward0>)
Time: 1.1688623428344727
Total energy: tensor([-3.596711368624104], grad_fn=<AddBackward0>)
Total energy not imp: tensor([-3.596711368624104], grad_fn=<AddBackward0>)
Repulsive energy: tensor([0.089082785605100], grad_fn=<CopySlices>)
Repulsive energy not imp: tensor([0.089082785605100], grad_fn=<CopySlices>)
tensor([[ 0.000000000000000,  0.000000000000000,  0.000000000000000],
        [ 0.000000000000000,  1.511780790863139, -0.944862994289462],
        [ 0.000000000000000, -1.511780790863139, -0.944862994289462]], grad_fn=<MulBackward0>)
Forces: tensor([[    -0.000000000000000,      0.000000000000000,     -0.065868304867407],
        [    -0.000000000000000,     -0.099323167747972,      0.032934152433704],
        [     0.000000000000000,      0.099323167747971,      0.032934152433703]])
Forces not imp: tensor([[    -0.000000000000000,      0.000000000025912,      0.049135860864136],
        [     0.000000000000001,     -0.111035720702777,     -0.024567930423970],
        [    -0.000000000000001,      0.111035720676865,     -0.024567930440165]])
Time: 0.1263124942779541
